leds:
  - id: 34
    position: [-0.0186870 0.00871388 0.00825649]
  - id: 28
    position: [-0.0162368 -0.00254944 0.0143200]
  - id: 29
    position: [-0.00848384 0.0140769 0.0143200]